1.00278
0.963054
0.911853
0.855776
0.802874
0.750592
0.699446
0.644163
0.595506
0.548845
0.963054
0.928983
0.882486
0.830524
0.780207
0.730068
0.680652
0.627751
0.580596
0.53534
0.911853
0.882486
0.84196
0.794513
0.748137
0.70123
0.654595
0.605022
0.56023
0.516858
0.855776
0.830524
0.794513
0.753053
0.710518
0.66735
0.624041
0.577671
0.535398
0.494554
0.802874
0.780207
0.748137
0.710518
0.672784
0.632833
0.59292
0.549714
0.510312
0.472071
0.750592
0.730068
0.70123
0.66735
0.632833
0.597423
0.560304
0.520347
0.48384
0.448211
0.699446
0.680652
0.654595
0.624041
0.59292
0.560304
0.527512
0.490157
0.456477
0.423502
0.644163
0.627751
0.605022
0.577671
0.549714
0.520347
0.490157
0.458127
0.426796
0.39651
0.595506
0.580596
0.56023
0.535398
0.510312
0.48384
0.456477
0.426796
0.399477
0.371225
0.548845
0.53534
0.516858
0.494554
0.472071
0.448211
0.423502
0.39651
0.371225
0.34672